"mtry","min.node.size","splitrule","RMSE","Rsquared","MAE","RMSESD","RsquaredSD","MAESD"
2,5,"variance",19.9324210211313,0.606991706108377,15.6463164070027,1.2421436860221,0.048829990519093,1.26172719540602
2,5,"extratrees",21.7173046356123,0.446697385622526,16.9409352602072,1.38081682207362,0.0105560274164566,1.18600483743473
5,5,"variance",16.6682927431197,0.687196616604737,13.4105207995599,0.922267587351497,0.0682997787714185,1.07828958648051
5,5,"extratrees",19.3605516829804,0.597089157457523,15.320879303862,1.52221355466015,0.00146923097179702,1.31674229344347
9,5,"variance",14.1371266777229,0.725298532159989,11.6400699798466,0.0448541007630602,0.0788458669955482,0.160201395343918
9,5,"extratrees",16.8149278241464,0.704275069211223,13.4859650164673,1.00747212348689,0.0226699541992944,1.06147010962825
13,5,"variance",13.1298360463351,0.739315259920929,10.8269125050526,0.294717301993587,0.0728029176084991,0.209433433161076
13,5,"extratrees",14.786640785661,0.749044655430487,11.973042527266,0.441111969817765,0.0360906060917969,0.644086793553072
17,5,"variance",12.4485333852938,0.753049112859834,10.188639483514,0.593289991583581,0.0707659321229565,0.589583169149797
17,5,"extratrees",13.4917855436341,0.768181948372149,10.9616860483307,0.106781223021756,0.0497612800412274,0.346251772126599
20,5,"variance",12.1267749133167,0.760746647481802,9.88538581505966,0.665507072733345,0.0658005415896013,0.66328668679699
20,5,"extratrees",12.9178114941755,0.768882075965656,10.5111628313159,0.133841816743173,0.0444006647934359,0.236096377550881
24,5,"variance",11.9014163449165,0.766601032394459,9.65620877816304,0.732946273356281,0.0652710075866683,0.64096862564313
24,5,"extratrees",12.2981861904999,0.775583399667009,9.97552884047062,0.0798595976088799,0.0449980546080837,0.0632443509059507
28,5,"variance",11.6451640721241,0.774572854389942,9.41689277183877,0.549629575515295,0.0534584531223089,0.490318633516117
28,5,"extratrees",11.8924651129843,0.777506714202194,9.60514964054506,0.291848964063509,0.049628826033551,0.30930293696972
32,5,"variance",11.4989498478819,0.778102982520895,9.267739075549,0.695995590347423,0.055983214532009,0.56993255477315
32,5,"extratrees",11.6762917822879,0.780672759358222,9.41752065782248,0.378837172851141,0.0447806596311634,0.428658096734056
36,5,"variance",11.4699272760384,0.778197843834487,9.21995973975272,0.536839410324147,0.0481035746081476,0.445490863533606
36,5,"extratrees",11.5620698944962,0.779261866029774,9.25458534509985,0.552690892988045,0.0508313731695927,0.569126095013372
